283654.4540826131 320526.53264117555
283652.40494408715 320522.2444439677
283652.23838940845 320521.89589783514
283651.39655693475 320520.1342093902
283650.77419178473 320518.8317964665
283650.615898189 320518.5005381614
283650.09 320517.4
283649.9817625826 320517.1734934046
283649.44264303346 320516.04528712854
283648.93343930534 320514.9796851804
283648.409844426 320513.8839671158
283648.14383029734 320513.32728389057
283648.04 320513.11
283647.29807131545 320511.5573785089
283647.2130030168 320511.3793575328
283646.1677447736 320509.1919634532
283645.7011613422 320508.2155522724
283645.25908911554 320507.2904352711
283643.54209872335 320503.69731879194
283650.69470039726 320518.66544619715
283650.70044960326 320518.67747746233
283649.0020489149 320515.12326333905
283647.28233807825 320511.52445383207
283647.2474982527 320511.451545124
283652.21184693853 320521.84035286156
283649.4104873798 320515.9779955411
283645.73582887294 320508.288100422
283652.0481124539 320521.49770850106
283645.8557007245 320508.53895419923
283652.2568521583 320521.9345345165
283650.742154017 320518.764751577
283648.6493614254 320514.38520025124
283646.46985013224 320509.82417417923
283645.4271037661 320507.64203666185
283651.5147330426 320520.38151451346
283645.02212026576 320506.794534605
283648.25439822883 320513.5586675131
